#				 OBJ_WIDTH		OBJ_NUMBER		BLANK_WIDTH		RATE
#	DISTANCE	 MIN   MAX		MIN   MAX		MIN   MAX		BOMB	HP1		HP2		HP3		BLANK	BOMB1	BOMB2	BOMB3
	100			 14    22		2     5 		4	  7 		10		80		10		0		10		100		0		0	// 완료
	200			 12    18		1     4	 	    5 	  12		20		40		30		10		20		80		20		0	// 완료
	300			 10    14		1     5			8	  12		40		20		70		10		20		80		10		10	// 완료
	400			 8     12		2	  4		    6	  10 		5		10		80		10		40		60		20		20	// 완료
	500			 14    24		2     6			10	  14		20		30		30		40		5		60		10		30	// 완료
	600			 10    16		1     3			5	  9 		30		30		40		30		60		20		60		20	// 완료
	700			 6     10		2     5			10	  14		10		70		20		10		10		40		20		40	// 완료
	800			 16    24		1     4			15	  20		50		40		20		20		70		20		20		60	// 완료
	900			 10    16		2     5			12	  17		60		20		20		40		50		10		10		80	// 완료
	1000		 14    20		1     3		    17	  22		30		10		10		80		20		30		20		50	// 완료

